/* Modular Scale ---------------------- 16px @ 1:1.618	 10px @ 1:1.618	 ----------------------*/
Pixels	Ems	Ems @ 16	% of 13
759.989	47.499	47.499	5,846.069
751.538	46.971	46.971	5,781.062
469.709	29.357	29.357	3,613.146
464.486	29.03	29.03	3,572.969
290.302	18.144	18.144	2,233.092
287.074	17.942	17.942	2,208.262
179.420	11.214	11.214	1,380.154
177.425	11.089	11.089	1,364.808
110.890	6.931	6.931	853.000
109.657	6.854	6.854	843.515
68.535	4.283	4.283	527.192
67.773	4.236	4.236	521.331
42.358	2.647	2.647	325.831
41.887	2.618	2.618	322.208
26.179	1.636	1.636	201.377
25.888	1.618	1.618	199.138
16.180	1.011	1.011	124.462
16.000	1	1	123.077
10.000	0.625	0.625	76.923
9.889	0.618	0.618	76.069
6.180	0.386	0.386	47.538
6.112	0.382	0.382	47.015
3.820	0.239	0.239	29.385
3.778	0.236	0.236	29.062
2.361	0.148	0.148	18.162
2.335	0.146	0.146	17.962
1.459	0.091	0.091	11.223
1.443	0.09	0.09	11.100